african_great_lakes={
	location=4064
	color={
		57 168 220 
	}
	inland=yes
	outgoing={
		name="zanzibar"
		path={
			1273 1202 
		}
		control={
			3351.000000 607.000000 3388.000000 610.000000 3416.000000 580.000000 
		}
	}
	outgoing={
		name="kongo"
		path={
			4063 4070 4099 
		}
		control={
			3299.000000 628.000000 3287.000000 595.000000 3270.000000 574.000000 3260.000000 559.000000 3231.000000 537.000000 
		}
	}
	members={
		1273 1649 1798 1799 1925 4053 4054 4055 4056 4057 4058 4059 4060 4061 4062 4063 4064 4065 4066 4067 4068 4069 4070 4071 4072 4073 4074 4075 4076 4077 
		4051 4052 
	}
}
kongo={
	location=4097
	color={
		171 148 148 
	}
	inland=yes
	outgoing={
		name="ivory_coast"
		path={
			1170 1464 
		}
		control={
			3169.000000 587.000000 3115.000000 585.000000 3050.000000 593.000000 3007.000000 566.000000 2939.000000 618.000000 2930.000000 701.000000 
		}
	}
	outgoing={
		name="zambezi"
		path={
			4046 1191 1187 
		}
		control={
			3191.000000 456.000000 3231.000000 424.000000 3273.000000 399.000000 3319.139893 402.510010 
		}
	}
	members={
		798 1169 1170 1901 2948 2949 4081 4082 4083 4084 4085 4086 4087 4088 4089 4090 4091 4092 4093 4094 4095 4096 4107 4098 4100 4101 4102 4103 4097 4099 4105 4109 1171
	}
}
zambezi={
	location=1191
	color={
		32 164 51 
	}
	inland=yes
	outgoing={
		name="cape_of_good_hope"
		path={
			1192 1457 1458 1459 1460
		}
		control={
		}
	}
	members={
		1184 1185 1187 1188 1189 1190 1191 2950 2951 2952 4034 4035 4036 4037 4038 4039 4040 4041 4042 4043 4044 4045 4046 4047 4048 4050 4104 4106 4108 
	}
}
patagonia={
	location=2868
	outgoing={
		name="laplata"
		path={
			1537 1536 
		}
		control={
			1840.000000 159.000000 1912.000000 221.000000 
		}
	}
	members={
		2868 2876 2869 786 2873 2874 780 781 782 783 2870 2875 2863 784 787 2862 785 2867 2871 2872 
		1095 2025
		2843 2844 2845 2847 2877
		4732 4733
	}
}
amazonas_node={
	location=2935
	outgoing={
		name="brazil"
		path={
			1529 1530 1531 
		}
		control={
			2087.000000 866.000000 2168.000000 834.000000 
		}
	}
	outgoing={
		name="carribean_trade"
		path={
			1529 1528 1576 1522 1520 1519 1517 1516 
		}
		control={
			2072.000000 888.000000 2013.000000 940.000000 2002.000000 1051.000000 1858.000000 1053.000000 1775.000000 1062.000000 1703.000000 1066.000000 1631.000000 1102.000000 
		}
	}
	members={
		1802 1803 2909 2910 2911 2929 2930 2931 2933 2934 2935 2889 2937 2938 2804 2811 742 744 2810 747 748 749 2890 2923 2924 2926 2927 2928 745 746 2936 834 743 2803 752 2886 2925 
		4617
	}
}
rio_grande={
	location=2499
	outgoing={
		name="mississippi_river"
		path={
			1508 1507 
		}
		control={
			1338.000000 1333.000000 
		}
	}
	outgoing={
		name="mexico"
		path={
			1508 1509 2647 2646 
		}
		control={
			1321.000000 1291.000000 1309.000000 1233.000000 1298.000000 1179.000000 1262.000000 1165.000000 
		}
	}
	members={
		2498 861 2614 2619 2666 2667 858 2499 2668 880 881 2495 882 885 2496 2497 883 886 2500 884 887 888 2665 2669 
		4606 4627 4629 4628 4630 4631 4632
	}
}
california={
	location=2021
	outgoing={
		name="mexico"
		path={
			1556 1555 1554 1552 1551 
		}
		control={
			849.000000 1492.000000 937.000000 1375.000000 1027.000000 1241.000000 1152.000000 1160.000000 
		}
	}
	outgoing={
		name="mississippi_river"
		path={
			872 873 2019 2020 2006 2008 903 902 900 895 2014 893 1507 
		}
		control={
			878.000000 1607.000000 896.000000 1634.000000 967.000000 1660.000000 1034.000000 1632.000000 1116.000000 1656.000000 1204.000000 1615.000000 1288.000000 1591.000000 1368.163940 1532.114014 1396.000000 1494.000000 1374.000000 1432.000000 1358.000000 1397.000000 1369.000000 1363.000000 
		}
	}
	outgoing={
		name="polynesia_node"
		path={
			1556 1687 1693 1699 
		}
		control={
			849.000000 1512.000000 627.000000 1287.000000 
		}
	}
	outgoing={
		name="james_bay"
		path={
			2477 873 874 973 2605 2597 1011 1005 1486
		}
		control={
		}
	}
	members={
		855 859 862 877 2616 865 866 2620 868 871 869 2021 2476 867 876 879 2491 870 2477 2478 2479 2480 872 2481 2482 2483 873 2486 2487 2488 2019 2020 2489 2490 874 2484 2485 2003 2604 2605 2606 2607 972 973 974 2610 975 2022 2609 976 977 2613 978 979 2611 2612 1240 1997 1808 
		4648 4646 4650 4633 4577 4639 4635 4636 4637 4638 4634 4649 4578 4647 860 2492 856 4643 4645
		863 864 2618 4644
		875 878 2493 2494
	}
}
girin={
	location=1049
	color={
		41 82 45 
	}
	outgoing={
		name="siberia"
		path={
			2109 722 721 1057 1060 1062 1064 
		}
		control={
			4726.000000 1497.000000 4604.000000 1533.000000 4431.000000 1539.000000 4365.000000 1590.000000 
		}
	}
	outgoing={
		name="korea"
		path={
			731 2107 2108 2694 2745 
		}
		control={
			 
		}
	}
	outgoing={
		name="kanto"
		path={
			1379 1386 4225 1440 4224 
		}
		control={
			 
		}
	}
	members={
		1049 2111 1058 2102 2104 1053 2103 1034 1035 1036 1037 1038 1039 1040 1041 1042 1043 1044 1046 1047 1052 1783 2438 2439 2440 2446 2742 2743 2744 1055 1056 1057 1048 1050 4214 4216 729 731 2105 4215 4217 724 725 4218 727 728 2185 4200 
	}
}
mississippi_river={
	location=1507
	outgoing={
		name="carribean_trade"
		path={
			1506 1505 1525 1516 
		}
		control={
			1494.000000 1317.000000 1541.000000 1254.000000 1607.000000 1231.000000 
		}
	}
	outgoing={
		name="ohio"
		path={
			921 2528 939 
		}
		control={
			1398.000000 1375.000000 1395.000000 1426.000000 1437.000000 1493.000000 
		}
	}
	members={
		893 2014 2516 900 902 2513 2514 894 895 897 924 925 2531 2532 919 920 2528 2529 918 934 2527 899 2509 2515 889 890 2506 2507 2625 891 892 896 898 901 903 2508 2672 921 922 923 2530 2533 905 906 907 909 2007 1809 2008 2009 2504 2505 904 908 2512 1507 
	}
}
ohio={
	location=2526
	color={
		129 214 238 
	}
	inland=yes
	outgoing={
		name="chesapeake_bay"
		path={
			948 2011 
		}
		control={
			1522.000000 1531.000000 
		}
	}
	outgoing={
		name="st_lawrence"
		path={
			946 991 
		}
		control={
			1503.000000 1559.000000 
		}
	}
	members={
		987 989 2585 2670 988 2586 2587 2671 991 1001 1007 2015 910 911 2517 2518 912 913 914 915 916 917 2519 2520 944 945 2521 2522 942 943 2523 2524 946 947 948 2525 954 2555 2556 2557 951 2526 2551 939 940 941 958 959 960 961 964 
	}
}
mexico={
	location=1551
	color={
		0 176 0 
	}
	outgoing={
		name="carribean_trade"
		path={
			847 848 1510 1511 1512 1518 1516 
		}
		control={
			1313.000000 1105.000000 1323.000000 1142.000000 1336.000000 1183.000000 1378.000000 1226.000000 1435.000000 1236.000000 1499.000000 1202.000000 1563.000000 1197.000000 1600.000000 1177.000000 1623.000000 1171.000000 1637.000000 1165.000000 
		}
	}
	outgoing={
		name="panama"
		path={
			1550 1549 1548 835 
		}
		control={
			1287.000000 1087.000000 1382.000000 1072.000000 1451.000000 1020.000000 1501.000000 986.000000 1537.000000 972.000000 1562.000000 994.000000 
		}
	}
	outgoing={
		name="polynesia_node"
		path={
			1701 1707 1716 1715 1699 1697 
		}
		control={
			1186.000000 983.000000 860.000000 959.000000 651.000000 1011.000000 290.000000 1001.000000 
		}
	}
	members={
		1551 854 2617 2621 2657 851 2622 2623 2624 2643 849 2627 2645 2648 850 852 2626 2628 2644 848 2630 2631 2641 2647 844 847 2629 2646 2632 2635 2638 2649 845 2633 2650 2651 846 2634 2652 853 857 2615 2642 
		4586 4585 4588 4591 4590 4584 4582 4598 4583 4581 4571 4570 4572 4641 4573 4575 4580 4574 4579 4576 4640 4642
	}
}
lhasa={
	location=677
	inland=yes
	outgoing={
		name="lahore"
		path={
			2129 2128 2074 508 
		}
		control={
			4149.000000 1199.000000 4046.000000 1217.000000 
		}
	}
	outgoing={
		name="chengdu"
		path={
			2132 2167 675 679 
		}
		control={
			4286.000000 1196.000000 4365.000000 1197.000000 4427.310059 1151.910034 
		}
	}
	outgoing={
		name="ganges_delta"
		path={
			562 4479 
		}
		control={
			4201.000000 1131.000000 4206.000000 1106.000000 4187.000000 1090.000000 4205.000000 1073.000000 4203.000000 1058.000000 4210.000000 1047.000000 4207.000000 1038.000000 4221.000000 1026.000000 4234.000000 1003.000000 
		}
	}
	members={
		2129 2128 676 554 705 706 2134 4204 677 2130 4205 
		565 4481 4482 #bhutan_area
		557 2070 2071 4483 4485 #nepal_area
		4514 4515 4516 4517 4518 4519 4520 #new tibetan provinces
		4491 4492 554 #baisi_rajya_area
	}
}
chengdu={
	location=679
	inland=yes
	outgoing={
		name="canton"
		path={
			680 673 2163 2165 665 667 1371 
		}
		control={
			4506.000000 1143.000000 4513.000000 1093.000000 4498.000000 1039.000000 4528.000000 1030.000000 4568.000000 1025.000000 4580.000000 1023.000000 
		}
	}
	outgoing={
		name="xian"
		path={
			2169 689 700 
		}
		control={
			4474.000000 1173.000000 4519.000000 1194.000000 
		}
	}
	outgoing={
		name="burma"
		path={
			675 2167 2166 583 2400 
		}
		control={
			4416.000000 1100.000000 4374.000000 1058.000000 4303.000000 1027.000000 
		}
	}
	members={
		679 2132 2167 678 2135 2131 2133 660 661 2165 2166 680 679 680 4212 2169 2170 4211 675 2168 2748 4213
		662 663 673 674 4199
	}
}
canton={
	location=1371
	outgoing={
		name="malacca"
		path={
			1394 1367 1362 1361 
		}
		control={
			4611.000000 901.000000 4555.000000 789.000000 4459.000000 737.000000 4475.000000 665.000000 
		}
	}
	outgoing={
		name="hangzhou"
		path={
			1372 1824 684 
		}
		control={
			4640.000000 1012.000000 4686.000000 1065.000000 4720.000000 1127.000000 
		}
	}
	outgoing={
		name="philippines"
		path={
			1394 1397 
		}
		control={
			4644.000000 947.000000 4672.000000 874.000000 4704.000000 866.000000 4711.000000 876.000000 4727.000000 885.000000 
		}
	}
	members={
		2161 1371 610 613 616 664 665 666 667 668 672 1016 1840 2156 2157 2158 2159 2160 2162 2163 2164 2173 2174 2372 671 2373
	}
}
kanto={
	location=4224
	outgoing={
		name="nippon"
		path={
			1391 1390 1376
		}
		control={
			
		}
	}
	members={
		4224
		1033 4725
		1031 1032 1847 1852 4193
		1025 1026 4131 4192
		1028 1843 4189
		1027 4190 4191 4724
		1029 1839 4188 4360
		1030 1835 4359
	}
}
korea={
	location=2745
	outgoing={
		name="nippon"
		path={
			1376
		}
		control={
			
		}
	}
	outgoing={
		name="beijing"
		path={
			735 1845 1375 4233
		}
		control={
			
		}
	}
	members={
		1845 2744 4232 #pyongan_area
		732 2742 2743 #hamgyeong_area
		733 735 4230 4231 #western_korea_area
		734 736 2694 2745 4227 #eastern_korea_area
		737 1013 2741 4228 4229 #south_korea_area
		1850 2106 2107 2108 2186 730 2110 2188 4201
	}
}
nippon={
	location=1376
	outgoing={
		name="hangzhou"
		path={
			1389 1373 684 
		}
		control={
			4801.000000 1197.000000 4760.000000 1154.000000 
		}
	}
	members={
		1376 1012 1014 1017 1018 1019 1020 1021 1023 1024 1818 1819 1820 1825 1830 1832 1837 4180 4181 4182 4183 4184 4185 4186 4187 1015
	}
}
hangzhou={
	location=684
	outgoing={
		name="xian"
		path={
			686 687 1836 700 
		}
		control={
			4684.000000 1156.000000 4652.000000 1177.000000 4599.000000 1195.000000 4573.000000 1192.000000 4537.000000 1199.000000 
		}
	}
	outgoing={
		name="beijing"
		path={
			684 1373 1374 1375 
		}
		control={
			4731.000000 1164.000000 4743.000000 1243.000000 4715.000000 1289.000000 4689.000000 1298.000000 
		}
	}
	outgoing={
		name="malacca"
		path={
			1373 1392 1393 1395 1368 1360 1361 
		}
		control={
			4735.000000 1133.000000 4783.000000 1092.000000 4723.000000 1053.000000 4669.000000 934.000000 4651.000000 849.000000 4583.000000 774.000000 4518.000000 688.000000 4471.000000 646.000000 
		}
	}
	members={
		669 670 683 684 685 686 1821 1822 1824 1829 1833 1838 1897 2143 2144 2145 2146 2147 2148 2149 2150 2151 2152 2153
		738 2154 2155 4710
	}
}
xian={
	location=700
	inland=yes
	outgoing={
		name="beijing"
		path={
			1836 692 2137 2140 691 2138 1375 1816 
		}
		control={
			4532.000000 1227.000000 4550.000000 1235.000000 4592.540039 1233.510010 4622.000000 1257.000000 4638.000000 1267.000000 4660.000000 1280.000000 4671.000000 1300.000000 
		}
	}
	outgoing={
		name="yumen"
		path={
			689 698 706 707 
		}
		control={
			4503.000000 1223.000000 4476.000000 1256.000000 4436.000000 1282.000000 
		}
	}
	members={
		687 1836 2181 2180 698 699 688 692 2183 2175 2176 681 682 2171 2172 4197 689 700 2179 4198 
		693 694 697 2177 2178
	}
}
beijing={
	location=4233
	outgoing={
		name="yumen"
		path={
			695 696 697 701 709 707 
		}
		control={
			4642.000000 1325.000000 4583.000000 1333.000000 4520.000000 1311.000000 4429.000000 1321.000000 
		}
	}
	members={
		690 691 2138 2139 2140 703 1816 2136 4194 695 696 2137 4195 704 726 2111 2112 2113
		4233 2141 2142 4196
		722 2109 2187 4202 4203
	}
}
philippines={
	location=1397
	outgoing={
		name="the_moluccas"
		path={
			1399 1357 
		}
		control={
			4744.000000 846.000000 4743.000000 815.000000 4739.000000 798.000000 4692.000000 752.000000 4747.000000 732.000000 4773.000000 665.000000 4730.000000 612.000000 4750.479980 567.989990 
		}
	}
	outgoing={
		name="polynesia_node"
		path={
			1403 1434 1676 1734 
		}
		control={
			4926.000000 734.000000 5152.000000 704.000000 5459.000000 734.000000 0.000000 984.000000 
		}
	}
	members={
		1397 
		2701 2702 4355 #mindanao_area
		652 653 4354 #west_mindanao_area
		654 2700 4351 4352 4353 #visayas_area
		651 655 4356 #palawan_area
		657 658 2698 4348 #luzon_area
		656 2697 2699 4349 4350 #southern_luzon_area
		1235 1995 1996 #west_micronesia_area
		1243 1989 1990 1992 #polynesia_area
		1241 1991 1993 1994 #micronesia_area
	}
	
	ai_will_propagate_through_trade = yes
}
polynesia_node={
	location=1997
	color={
		220 138 57 
	}
	outgoing={
		name="kanto"
		path={
			1672 1671 1440 4224
		}
		control={
			
		}
	}
	outgoing={
		name="new_zealand"
		path={
			 1735 1732 1433 1431 2739
		}
		control={
			
		}
	}
	outgoing={
		name="panama"
		path={
			1736 1740 1741 1711 1708 1702 1547 1548 835 
		}
		control={
			825.000000 773.000000 1190.000000 786.000000 1361.000000 765.000000 1501.000000 913.000000 1551.000000 972.000000 
		}
	}
	members={
	4651 4652 4653 4654 4655 4656 4657 4658 4659 4660 4722 4728 4729 4730 4731
	1244 1990 1992 1240 4661 1997 1235 1995 1996 1241 1991 1993 1994 1988 1987
	}
}
new_zealand={
	location=2739
	outgoing={
		name="australia"
		path={
			1423 1411
		}
		control={
			
		}
	}
	outgoing={
		name="new_guinea"
		path={
			1431 1430 1432 1405
		}
		control={
			
		}
	}
	outgoing={
		name="southeast_australia"
		path={
			1423 1421 1414
		}
		control={
			
		}
	}
	members={
		1246 4679 4680 4681
		1109 4676 4675 4677 4678
		2738 4673 4672 4674
		2737 4670 4671 4716
		1107 4665 4669
		1108 4666 4668 4667
		1106 4662 4663 4664 2739
	}
}
southern_australia={
	location=1415
	outgoing={
		name="southeast_australia"
		path={
			1414
		}
		control={
			
		}
	}
	outgoing={
		name="western_australia"
		path={
			1416 1413 1417
		}
		control={
			
		}
	}
	members={
		1415
		4759 4760 4761 4762 4763
		4693 4694 4695 4696
		4756 4758
		4750 4751 2736
		4690 4689 4691 4692
		4749 4752 4754
		4766 4767
		4753 1086 4746 4805
	}
}
southeast_australia={
	location=1414
	outgoing={
		name="western_australia"
		path={
			1415 1416 1413 1417
		}
		control={
			
		}
	}
	outgoing={
		name="australia"
		path={
			1421 1424 1411
		}
		control={
			
		}
	}
	members={
		1414
		4744 4745 4747
		4741 4742 2735
		4739 4740 4755
		1088 4764 4765
		4774 4775 4776 4748
		4737 4738 1087
		4783 4743 2734
		1085 4684 4685 4686
	}
}
australia={
	location=1411
	outgoing={
		name="northern_australia"
		path={
			1407 1410
		}
		control={
			
		}
	}
	outgoing={
		name="new_guinea"
		path={
			1406 1405
		}
		control={
			
		}
	}
	members={
		1089 1090 1091 1092 1093 1094 1412  
		1411 4712 4714
		4735 4736
		4757 4772 4777 4778 4779
		4780 4781 4782 4784 4785
		4794 4795 4796 4797 4798 4799
		4800 4804
		4820 4821
		4768 4769 4770 4771 4773
	}
}
northern_australia={
	location=1410
	outgoing={
		name="the_moluccas"
		path={
			1409 1401 1357
		}
		control={
			
		}
	}
	outgoing={
		name="western_australia"
		path={
			1408 1420 1419 1418 1417
		}
		control={
			
		}
	}
	members={
		1410
		4706 4734
		4819 2728 4711
		4699 4700 4701
		4702 4703 4704 4705
		2729 4815 4816 4817 4818
		4813 4814 2730 2731
		4810 4811 4812
		4801 4802 4803 2733
		4806 4807 4808 4809 2732
	}
}
western_australia={
	location=1417
	outgoing={
		name="comorin_cape"
		path={
			1418 1643 1642 1624 1622 1614 1340
		}
		control={
			
		}
	}
	outgoing={
		name="cape_of_good_hope"
		path={
			1634 1633 1632 1631 1628 1625 1460
		}
		control={
			
		}
	}
	outgoing={
		name="zanzibar"
		path={
			1640 1620 1448
		}
		control={
			
		}
	}
	members={
		1417
		1084 4789 4790
		4786 4787 4788 2727
		4791 4792 4793
		4822 4823 4824 4825 2726
		4707 4708 4709
		4687 4688 4697 4698
		1998 1999
	}
}
new_guinea={
	location=1405
	outgoing={
		name="the_moluccas"
		path={
			1404 1403 1400 1357
		}
		control={
			
		}
	}
	members={
		1405
		1237 2719 2720 2721 2722
		1245 2718 2723 2724
		1236 1239 1986
		1238 4726 4727
		1242 4717 4718
		1989 4719 4720
		1243 4721 4723
		}
}
the_moluccas={
	location=1357
	outgoing={
		name="malacca"
		path={
			1358 1360 
		}
		control={
			4669.000000 535.000000 4548.000000 575.000000 4489.000000 622.000000 
		}
	}
	members={
		646 2687 2688 2689 2690 1357 647 645 2717 648 649 650 2725 2696 2695 635 633 634 643 2713 2714 642 2715 641 2716 632 627 2691 631 2693 629 2692 628 626 625 630 624 644 
	}
	
	ai_will_propagate_through_trade = yes
}
gulf_of_siam={
	location=1365
	color={
		84 152 93 
	}
	outgoing={
		name="malacca"
		path={
			1364 1362 1361 
		}
		control={
			4403.000000 767.000000 4431.000000 709.000000 4446.000000 665.000000 
		}
	}
	members={
		592 600 601 602 603 604 605 606 609 607 608 611 612 614 615 1817 1823 1844 1022 2374 2375 2376 2377 2378 2379 2380 2381 2382 2383 2384 2385 2386 2387 2388 2389 591 2404 2371 1365
		589 #Karenni
	}
}
malacca={
	location=1361
	outgoing={
		name="comorin_cape"
		path={
			 1348 1349 1614 1340
		}
		control={
			
		}
	}
	outgoing={
		name="burma"
		path={
			1348 1345 586 584  
		}
		control={
			
		}
	}
	outgoing={
		name="cape_of_good_hope"
		path={
			1352 1624 1623 1647 1630 1626 1459 
		}
		control={
			4470.000000 623.000000 4477.000000 580.000000 4429.000000 542.000000 4281.000000 536.000000 4159.000000 494.000000 3997.000000 488.000000 3821.000000 400.000000 3627.000000 201.000000 3483.000000 72.000000 3234.000000 10.000000 
		}
	}
	members={
		593 594 595 596 597 598 599 617 618 619 620 621 622 623 636 637 638 639 640 659 1361 2390 2391 2392 2393 2394 2673 2674 2675 2676 2677 2678 2679 2680 2681 2682 2683 2684 2685 2686 2703 2704 2705 2706 2707 2708 2709 2710 2711 2712 2740 
	}
	
	ai_will_propagate_through_trade = yes
}
siberia={
	location=1064
	inland=yes
	outgoing={
		name="kazan"
		path={
			1062 1064 480 479 472 475 1082 
		}
		control={
			4084.209961 1695.109985 3879.000000 1758.000000 3732.000000 1640.000000 3702.000000 1655.000000 3654.000000 1634.000000 
		}
	}
	outgoing={
		name="white_sea"
		path={
			1070 1073 1964 4256
		}
		control={
			4033.000 1779.000 3888.000 1847.000 3596.000 1789.000 3520.000 1807.000
		}
	}
	outgoing={
		name="kazakh"
		path={
			2434 456
		}
		control={ 
		}
	}
	members={
		1782 1781 1071 1054 1059 1061 1062 1063 1064 1067 1068 1070 480 1069 1073 1074 1078 1075 1076 2427 2428 2429 2430 2431 2432 2433 2434 2436 2437 2442 2443 2445 1072 1045 2435 1051 716 1065 1066 
		1060
		1080 1780 #bashkiria_area
	}
}
yumen={
	location=707
	inland=yes
	outgoing={
		name="samarkand"
		path={
			713 1786 739 1785 452 1967 454 
		}
		control={
			4257.000000 1318.000000 4131.000000 1298.000000 4047.000000 1300.000000 3994.000000 1290.000000 3932.000000 1308.000000 3893.000000 1304.000000 3863.000000 1312.000000 
		}
	}
	outgoing={
		name="kazakh"
		path={
			715 461 456
		}
		control={
			
		}
	}
	members={
		710 1786 707 708 711 714 719 1784 2118 2119 2123 2189 2190 2194 2182 2184 2122 4206 4207 717 721 2116 4219 4220 720 2193 4221 713 715 2120 4208 718 2117 4222 712 2121 2192 
		701 709 2191 4223 702 723 2114 2115 2747
	}
}
burma={
	location=584
	color={
		35 229 76
	}
	outgoing={
		name="ganges_delta"
		path={
			4396 1815 
		}
		control={
			4297.000000 951.000000 4306.000000 891.000000 4277.000000 895.000000 4254.000000 947.000000 
		}
	}
	members={
		570 573 2041 #naga_hills_area
		584 2399 581 #upper_burma_area
		2398 580 4393 2397 #chindwin_area
		566 571 2040 2042 4440 #assam_area
		4394 4396 585 4395 #central_burma_area
		583 588 2400 4397 4406 #shan_hill_area
		587 2401 4398 #karenni_area 
		582 2395 2396 4404 4405 #kachin_area
		567 2091 4473 #tripura_area
		568 579 2402 #arakan_area
		586 590 1815 2403 4399 #lower_burma_area
	}
}
ganges_delta={
	location=1343
	outgoing={
		name="andhra"
		path={
			1342 543 
		}
		control={
			
		}
	}
	outgoing={
		name="doab"
		path={
			1343 564 563 2044 558 2095 556 2063 
		}
		control={
			4184.000000 1014.000000 4186.000000 1026.000000 4182.000000 1038.000000 4187.000000 1046.000000 4178.000000 1059.000000 4162.000000 1064.000000 4151.000000 1062.000000 4130.000000 1065.000000 4106.000000 1059.000000 4076.000000 1067.000000 4056.000000 1086.000000 
		}
	}
	members={
		1343
		561 2081 4476 4477 #west_bengal_area
		564 2039 4474 4475 4478 #east_bengal_area
		560 2096 4450 4470 4471 #jharkhand_area
		562 2045 2046 4486 #north_bengal_area
		563 2044 4479 #gaur_area
		558 4469 4472 4489 #bihar_area
		2047 4484 4487 4488 #mithila_area
		555 2055 2095 4490 #purvanchal_area
		2097 2098 4468 #baghelkhand_area
	}
}
doab={
	location=524
	color={
		236 162 19 
	}
	inland=yes
	outgoing={
		name="deccan"
		path={
			525 740 2057 
		}
		control={
			4014.000000 1082.000000 4030.000000 1062.000000 4018.000000 1024.000000 3998.000000 1002.000000 3987.000000 966.000000 
		}
	}
	outgoing={
		name="lahore"
		path={
			522 2062 4411
		}
		control={
			4021.000000 1115.000000 4009.000000 1144.000000 3981.000000 1151.000000 
		}
	}
	members={
		522 2060 2062 #upper_doab_area
		2061 4498 4499 #katehar_area
		519 520 2064 4500 #jaipur_area
		523 2094 4494 4495 4497 #oudh_area
		524 556 2063 4496 #lower_doab_area
		525 528 740 4464 4465 #gird_area
		559 2059 4459 4466 4467 #bundelkhand_area
		518 2058 2087 4501 4462 #mewar_area
		511 2069 #himalayan_hills_area
	}
}
lahore={
	location=507
	color={
		63 150 30 
	}
	inland=yes
	outgoing={
		name="samarkand"
		path={
			578 451 450 453 454 
		}
		control={
			3924.000000 1220.000000 3877.000000 1222.000000 3866.000000 1243.000000 3831.000000 1274.000000 
		}
	}
	outgoing={
		name="hormuz"
		path={
			578 2226 448 447 435 432 2220 431 1334
		}
		control={
			
		}
	}
	outgoing={
		name="gujarat"
		path={
			506 2072 
		}
		control={
			3921.000000 1136.000000 3872.000000 1087.000000 3879.000000 1059.000000 
		}
	}
	members={
		1785 1787 2200 #Wastelands
		508 2073 2074 4449 4521 #kashmir_area
		507 2075 2076 4510 4513 #lahore_area
		506 2079 2086 4508 4509 #multan_area
		2077 2078 4511 #sind_sagar_area
		510 2065 4411 4463 #sirhind_area
		448 451 452 578 2226 #kabulistan_area
		509 4493 #himalayan_hills_area
		512 4502 4507 2066 #jangladesh_area
	}
}
andhra={
	location=543
	outgoing={
		name="deccan"
		path={
			 542 1948
		}
		control={
			 
		}
	}
	outgoing={
		name="comorin_cape"
		path={
			1341 1340 
		}
		control={
			 
		}
	}
	members={
		543 549 2084 2080 4425 #andhra_area
		553 2082 4447 4451 4452 #upper_mahanadi_area
		547 2048 4445 4446 4448 #garjat_area
		552 2038 2043 2049 4441 #orissa_area
		2083 4418 4419 4420 #north_carnatic_area
		574
	}
}
deccan={
	location=1948
	color={
		241 13 61
	}
	inland=yes
	outgoing={
		name="gujarat"
		path={
			4433 517 1337 
		}
		control={
			3964.000000 943.000000 3919.000000 945.000000 
		}
	}
	outgoing={
		name="comorin_cape"
		path={
			541 4422 4414 2026 
		}
		control={
			4009.000000 916.000000 4000.000000 889.000000 4009.000000 873.000000 4019.000000 855.000000 4024.000000 827.000000 4035.000000 814.000000 4006.000000 783.000000 
		}
	}
	members={
		526 2056 2057 2093 4461 #malwa_area
		550 551 2092 4458 4460 #gondwana_area
		532 2033 4428 #raichur_doab_area
		2028 4438 4444 #telingana_area
		542 2037 4436 4439 #golconda_area
		527 4434 4453 #khandesh_area
		569 1948 2035 4435 #maidan_area
		546 548 2050 4442 4443 #berar_area
		1946 2034 4431 #desh_area
		544 545 4432 4433 4437 #ahmednagar_area
		541 1949 2090 4423 4424 #rayalaseema_area
	}
}
comorin_cape={
	location=1340
	color={
		13 1 179
	}
	outgoing={
		name="gulf_of_aden"
		path={
			1615 1451 1331 
		}
		control={
			3866.000000 794.500000 3715.000000 850.000000 
		}
	}
	outgoing={
		name="gujarat"
		path={
			1339 2030 
		}
		control={
			3952.000000 822.000000 3895.000000 915.000000 
		}
	}
	outgoing={
		name="cape_of_good_hope"
		path={
			1619 1621 1636 1626 1459 
		}
		control={
			4004.000000 736.000000 3900.000000 556.000000 3712.000000 299.000000 3414.000000 88.000000 3217.000000 36.000000 
		}
	}
	members={
		1340
		536 2101 4412 #madura_area
		2100 4408 4409 #lanka_area
		572 2099 4407 #south_lanka_area
		1101 1248 #indian_ocean_islands_area
		538 2085 4414 #kongu_area
		2026 4415 4416 #tanjore_area
		534 535 537 4410 4413 #malabar_area
		531 2029 2030 2032 4427 #kanara_area
		533 2031 4421 4422 4426 #mysore_area
		539 540 1947 2027 4417 #south_carnatic_area
	}
}
gujarat={
	location=504
	color={
		135 104 85 
	}
	outgoing={
		name="gulf_of_aden"
		path={
			1336 1333 1332 1331 
		}
		control={
			3809.000000 1011.000000 3760.000000 967.000000 3677.000000 901.000000 
		}
	}
	outgoing={
		name="hormuz"
		path={
			1336 1334 
		}
		control={
			3799.000000 1035.000000 
		}
	}
	outgoing={
		name="zanzibar"
		path={
			1336 1452 1451 1453 1447 
		}
		control={
			3839.000000 977.000000 3819.000000 933.000000 3700.000000 780.000000 3699.000000 669.000000 
		}
	}
	members={
		513 514 2067 4506 #marwar_area
		504 2088 4503 4504 #sindh_area
		505 2072 4505 #northern_sindh_area
		529 530 2089 4429 #konkan_area
		515 521 2052 4454 4455 #saurashtra_area
		517 2036 4430 #tapti_area
		503 2053 4456 4480 #patan_area
		516 2051 2054 4512 4457 #ahmedabad_area
	}
}

katsina={
	location=1149
	color={
		215 56 56 
	}
	inland=yes
	outgoing={
		name="timbuktu"
		path={
			1148 2273 2269 1133 2262 1132 
		}
		control={
			2899.000000 875.000000 2892.000000 894.000000 2852.000000 890.000000 2806.000000 912.000000 2790.000000 927.000000 
		}
	}
	outgoing={
		name="ethiopia"
		path={
			2800 2772 
		}
		control={
			3011.000000 843.000000 3129.000000 858.000000 3245.860107 862.010010 3315.000000 898.000000 3333.000000  880.000000
			3331.300000 866.300000	3355.000000 858.000000
		}
	}
	members={
		1144 1146 1162 1145 1152 1153 1150 1154 1155 1156 1157 1158 1160 1161 1249 1149 1148 2273 2272 2274 2275 2276 2277 2278 2279 2280 2281 2282 2283 2284 2285 2286 2287 2288 2293 2475 1159 
		1140 1143 2291 2292 2295 2269 2270 1142
	}
}
ethiopia={
	location=2772
	inland=yes
	outgoing={
		name="red_sea_cot"
		path={
			2797 1229 
		}
		control={
			 
		}
	}
	outgoing={
		name="gulf_of_aden"
		path={
			1213 1211 1212 4346 
		}
		control={
			3454.000000 793.000000	3486.000000 822.000000	3567.000000 840.000000 
		}
	}
	members={
		774 1217 1218 2756 2757 2758 1225 2764 2768 1227 2766 2759 2767 2760 2761 1222 2800 2762 1221 2763 2801 2772 2791 2778 2785 2769 2770 2771 2779 2780 2781 1224 1213 1223 1214 1216 2802 1207 1208 1210 2799 1219 2776 2932 4033 4158 2777
		2797 2798
		1211 2773
	}
}
red_sea_cot={
	location=2324
	color={
		 255 85 85
	}
	outgoing={
		name="alexandria"
		path={
			1328 4316 
		}
		control={
			
		}
	}
	outgoing={
		name="basra"
		path={
			4273 2347 
		}
		control={
			
		}
	}
	members={
		2335 2336 4273 2337 393 4272 
		1229 1228 1220
		383 4268 2327 #tabuk_area
		385 2331 2332 4277 4278 #mecca_area
		384 2328 2329 2330 4269 #medina_area
		4321 4276 #Wastelands
		1234 2322 2323 #lower_nubia_area
		360 1231 4319 2321 #said_area
		1232 1230 2787 2765
		386 391 4282 #asir_area
		2346 4279 #tihama_al_yemen_area
		2324
		1226 365 380 4270
		2338 #nafud_area
		392 4274 #qasim_area
		2339 4275 #yamamah_area
	}
}
gulf_of_aden={
	location=4346
	color={
		 255 204 153
	}
	outgoing={
		name="zanzibar"
		path={
			1446 1447 1448 
		}
		control={
			3619.000000 810.000000 3602.000000 764.000000 3521.500000 652.000000 
		}
	}
	outgoing={
		name="red_sea_cot"
		path={
			1330 
		}
		control={
			3519.000000 841.000000 3465.000000 874.500000 
		}
	}
	outgoing={
		name="hormuz"
		path={
			1332 1333 1334 
		}
		control={
			3663.000000 915.000000 3763.000000 1013.000000 
		}
	}
	members={
		2775 2782 2783 2786 2788 2789 2790 2793 2794 2795 2024 1205 1206 1209 1212 1215 2792 2784 1331 1779 2343 389 4283 
		401 2341 2342 #dhofar_area
		402 1099 4284 #mahra_area
		387 #tihama_al_yemen_area
		4281 #upper_yemen_area
		388 2345 4280 #yemen_area
		1328 1329 1330 4333 #Red Sea Area
		4346
		390 2344 #upper_yemen_area
	}
}
hormuz={
	location=1334
	outgoing={
		name="basra"
		path={
			2219 1335 
		}
		control={
			3687.000000 1082.000000 3650.000000 1073.000000 
		}
	}
	outgoing={
		name="persia"
		path={
			431 2220 432 433 4335 428 4341
		}
		control={
		}
	}
	members={
		397 398 404 2333 #pirate_coast_area
		432 2220 2234 4345 #kerman_area
		434 575 2231 2232 2233 #makran_area
		2219 2223 4332  #persian_gulf_coast
		2218 4329 4330 #farsistan_area
		403 4285 4287 #oman_area
		399 400 4286 #mascat_area
		431 2999 4327 #mogostan_area
		1332 1334 1335 4347#Sea
		436 4334 4336 #birjand_area
		435 2224 2229 2230 #sistan_area
		447 449 2225 #ghor_area
		576 577 2068 #kalat_area
	}
}
zanzibar={
	location=1448
	color={
		130 17 17 
	}
	outgoing={
		name="cape_of_good_hope"
		path={
			1449 1456 1457 1458 1459 1460 
		}
		control={
			3492.000000 449.000000 3452.000000 374.500000 3388.000000 270.000000 3347.500000 175.000000 3233.000000 73.500000 
		}
	}
	members={
		1448 788 1100 1102 1103 1193 1194 1195 1196 1197 1198 1199 1200 1201 1202 1203 1204 1792 2796 2774 4020 4021 4022 4023 4024 4025 4026 4027 4028 4029 4030 4031 4032 4049
	}
}
cape_of_good_hope={
	location=1460
	outgoing={
		name="ivory_coast"
		path={
			1461 1462 1463 1464 1465 1466 
		}
		control={
			3032.500000 172.000000 2973.000000 355.000000 2999.000000 503.500000 2933.000000 610.000000 2916.500000 697.500000 
		}
	}
	members={
		1460 789 833 1175 1176 1177 1178 1179 1180 1181 1182 1173 1800 2856 2864 2880 1174 1098
		1183 1186 1192
	}
}
basra={
	location=1335
	outgoing={
		name="aleppo"
		path={
			408 409 406 382 377 
		}
		control={
			3542.000000 1156.000000 3501.000000 1170.000000 3487.000000 1204.000000 3448.000000 1222.000000 3423.000000 1245.000000 
		}
	}
	outgoing={
		name="persia"
		path={
			412 413 428 426 
		}
		control={
			3564.000000 1167.000000 3561.000000 1228.000000 3591.000000 1234.000000 
		}
	}
	members={
		1335 #Persian Gulf
		412 2217 4289 4290 4342 #khuzestan_area
		394 395 396 2340 2347 #bahrain_area
		408 2311 2312 4288 #basra_area
		406 409 410 2310 4291 #iraq_arabi_area
		413 414 2209 2210 #luristan_area
		415 2211 4293 4294 #shahrizor_area
		2334 #Wasteland
		430 4331
	}
}
kazakh={
	location=456
	inland=yes
	outgoing={
		name="astrakhan"
		path={
			2351 465 464
		}
		control={
			
		}
	}
	outgoing={
		name="samarkand"
		path={
			457 454
		}
		control={
			
		}
	}
	members={
		455 456 459 476 477 1969 1970 461 478 2126 2364 2368 2355 2360 2361 2358 2352 2351 2353 2359 2125 439 443 
		1966 2420
		465 470 471 472 2366
		2354 479 2357 2369 2441 475 2444
	}
}
samarkand={
	location=454
	inland=yes
	outgoing={
		name="persia"
		path={
			442 441 438 437 427 426 
		}
		control={
			3820.000000 1295.000000 3781.000000 1294.000000 3744.000000 1293.000000 3696.000000 1301.000000 3672.000000 1286.000000 3649.000000 1263.000000 
		}
	}
	outgoing={
		name="hormuz"
		path={
			445 446 435 432 2220 1334
		}
		control={
			
		}
	}
	members={
		454 442 444 445 453 2350 437 438 2349
		1967 458 460 739 2124 2127 4209 4210
		1968 4344 4343 #termez_area
		2221 2235 2236 4326 #mashhad_area
		2214
		450 2227 2228 #balkh_area
		446 4324 4325 #herat_area
		457 2363 2356
		440 441 1973 2370 2362
	}
}
persia={
	location=4341
	color={
		204 119 31 
	}
	inland=yes
	outgoing={
		name="tiflis_cot"
		path={
			1326 421 420 
		}
		control={
			3581.000000 1304.000000 3568.000000 1326.000000 3534.000 1309.000
		}
	}
	outgoing={
		name="aleppo"
		path={
			2212 416 2206 411 418  
		}
		control={
			
		}
	}
	members={
		417 426 4339 4341 #tabarestan_area
		427 428 2213 2216 4337 #iraq_e_ajam_area
		429 433 2222 4335 4171 #isfahan_area
		416 2206 2207 4304 #tabriz_area
		2212 2215 4300 4338 #azerbaijan_area
		4177 4170 4172 4179#Wasteland
		421 424 4340
		2202 2205
		4299
	}
}
aleppo={
	location=377
	color={
		202 150 172 
	}
	outgoing={
		name="anatolia_cot"
		path={
			2301 2298 319
		}
		control={
			
		}
	}
	outgoing={
		name="corfu_cot"
		path={
			1317 1932 1773 
		}
		control={
			
		}
	}
	outgoing={
		name="alexandria"
		path={
			1316 1315 358 
		}
		control={
			3353.000000 1241.000000 3335.000000 1200.000000 3284.000000 1180.000000 
		}
	}
	members={
		418 2306 2307 4295 4296 #north_kurdistan_area
		377 1849 2313 4298 #aleppo_area
		378 382 1855 4297 #syria_area
		407 411 2309 2314 4292 #al_jazira_area
		332 2303 2308 4310 #dulkadir_area
		405 4271 #syrian_desert_area
		321 327 2302 #cukurova_area
		381
	}
}
alexandria={
	location=358
	color={
		200 200 102 
	}
	outgoing={
		name="corfu_cot"
		path={
			1315 163 1311  
		}
		control={
			
		}
	}
	outgoing={
		name="tunis"
		path={
			2325 1314 1313 1305 
		}
		control={
			
		}
	}
	members={
		364 379 1854 #palestine_area
		2315 2320 #gulf_of_arabia_area
		1233 2318 4323 #al_wahat_area
		358 362 363 #delta_area
		361 2316 4316 4317 #bahari_area
		359 2317 4318 #vostani_area
		2319 4320 #said_area
		356 357 2325 2326 #cyrenaica_area
		4322 #Wastelands
	}
}
astrakhan={
	location=464
	inland=yes
	outgoing={
		name="kazan"
		path={
			466 303 1081 1082 
		}
		control={
			3509.000000 1488.000000 3516.000000 1547.000000 3559.000000 1606.000000 
		}
	}
	outgoing={
		name="crimea"
		path={
			468 287 1323 
		}
		control={
			3486.000000 1439.000000 3417.000000 1425.000000 3342.000000 1405.000000 
		}
	}
	outgoing={
		name="tiflis_cot"
		path={
			2201 4301
		}
		control={
			
		}
	}
	members={
		288 467 469 474 1971 2365 2367 2409 464 466 468 2416 2417 
		299 2408 #sloboda_ukraine_area
		2418 2419 303
		2415 #tambov_area
		1965
		473
		286 287 2413 2414 2411 2412
	}
}
crimea={
	location=1322
	color={
		59 158 125 
	}
	outgoing={
		name="kiev"
		path={
			284 282 281 280 
		}
		control={
			3307.169922 1429.410034 3297.000000 1470.000000 3290.000000 1506.000000 
		}
	}
	outgoing={
		name="pannonia_cot"
		path={
			159 2746
		}
		control={
			3252.500 1397.000 3156.000 1400.000
		}
	}
	members={
		1323 1322 282 1974 2406  284 285 2410 2447 283 268 1756 2405 
		4529 4530
		159 2998
		160 161 4531 4532
		150 2746 2750
		149 151 1764 
		1765
	}
}
tiflis_cot={
	location=4301
	color={
		229 204 255 
	}
	outgoing={
		name="anatolia_cot"
		path={
			328 1891
		}
		control={
			3374.000 1342.000 3329.000 1305.000
		}
	}
	outgoing={
		name="crimea"
		path={
			1856 
		}
		control={
			3431.000 1386.000 
		}
	}
	members={
		423 2203 4301 #kartli_kakheti_area
		2196 2204 4303 #samtskhe_area
		422 462 1856
		330 331 2305
		463 2201 2195 2197
		325 328 2304
		425 2198 2199 2208 4306 #dagestan_area
		419 420 4302 #armenia_area
		4305 #shirvan_area
		1846 4315
	}
}
anatolia_cot={
	location=318
	color={
		126 203 120 
	}
	outgoing={
		name="corfu_cot"
		path={
			1319 1312 1311
		}
		control={
			
		}
	}
	outgoing={
		name="crimea"
		path={
			1320 1321 1322 
		}
		control={
			3279.000000 1379.500000 3314.000000 1403.000000 
		}
	}
	members={
		1320 
		329 2300 4314 #rum_area
		316 317 2296 #hudavendigar_area
		322 1848 4308 4311 #germiyan_area
		318 319 2297 2298 4309 #aydin_area
		326 4312 4313 #ankara_area
		1319
		2299 2348
		323 324 2301 4307 #karaman_area
		
	}
}
kiev={
	location=280
	inland=yes
	outgoing={
		name="krakow"
		path={
			279 260 262 
		}
		control={
			3221.000000 1531.000000 3171.000000 1539.000000 
		}
	}
	outgoing={
		name="riga_cot"
		path={
			278 4535
		}
		control={
			3219.000 1567.000 3212.000 1636.000
		}
	}
	members={
		279 281 1943 2962 
		291 298
		292 4244 #smolensk_area
		280 1942 1944 4247 #west_dniepr_area 
		289 290 1945 2407 #east_dniepr_area
		4115 #minsk_area
		4535 4540 4539 4542 4543
		278 1941 4545
		4255
		261 2961 4541
		4544
		297 4246
	}
}
kazan={
	location=1082
	inland=yes
	outgoing={
		name="novgorod"
		path={
			306 307 308 312 310 
		}
		control={
			3474.000000 1641.000000 3427.000000 1649.000000 3396.000000 1686.000000 3370.000000 1720.000000 
		}
	}
	outgoing={
		name="white_sea"
		path={
			1083 4262 1955
		}
		control={
			3487.000 1696.000 3456.000 1748.000 3434.000 1850.000
		}
	}
	members={ 
		306 #galich_area 
		2421 4265 4267 #volga_area
		1081 2423 #samara_area
		1082 2422 4264 #kazan_area
		305 1972 4266 #kama_area
		1754 1956 4254 #suzdal_area
		301 1778 4255 #ryazan_area
		1962
		295 4252 #moscow_area
		307 4253 #vladimir_area
		296 300 4116
		304 302
	}
}
novgorod={
	location=33
	color={
		97 126 37 
	}
	outgoing={
		name="baltic_sea"
		path={
			34 36 1926 
		}
		control={
			3262.000000 1736.000000 3194.000000 1730.000000 3156.000000 1720.000000 
		}
	}
	outgoing={
		name="riga_cot"
		path={
			274 
		}
		control={
			3267.000 1692.000 
		}
	}
	outgoing={
		name="kiev"
		path={
			310 311 275 292 278  
		}
		control={
			3300.000000 1680.000000 3290.500000 1651.000000 3296.500000 1603.000000 3260.000000 1570.000000
		}
	}
	members={
		33 34 1961 
		274 1960 4148 #pskov_area
		310 311 1959 2749 4260 #novgorod_area
		294 1752 4243 4248 4249  #tver_area
		308 4117 4250 #yaroslavl_area
		293 4245
		771
		4124 30 32 4152 28 29 31 4123
		19 27
		4147 4251
	}
}
cuiaba={
	location=800
	outgoing={
		name="laplata"
		path={
			800 1536 
		}
		control={
			1899.000000 558.000000 1905.000000 456.000000 1863.000000 344.000000 1870.000000 313.000000 1888.000000 301.000000 
		}
	}
	outgoing={
		name="lima"
		path={
			800 809 
		}
		control={
			1770.000000 628.000000 1670.000000 682.000000 
		}
	}
	members={
		800 2902 2901 801 2835 2834 2838 794 2942 797 2941 2940 2946 795 793 2900 796 2840 2839 2837 792 791 2841 2836 802 804 2831 2947 803 2832 2833 775 776 799 2842 2882 2883 
		2888 2903 2904 2905 #Mato Grosso
		2881 2893 2920
		758 2906 2907 2908 2919
	}
}
laplata={
	location=1536
	outgoing={
		name="brazil"
		path={
			1535 1534 1533 1532 1531 
		}
		control={
			2001.000000 329.000000 2074.000000 414.000000 2144.000000 481.000000 2213.000000 579.000000 
		}
	}
	outgoing={
		name="ivory_coast"
		path={
			1589 1600 1585 1466
		}
		control={
		}
	}
	members={
		772 773 777 778 779 790 1536 2846 2848 2849 2850 2851 2852 2853 2854 2855 2857 2858 2859 2860 2861 2865 2866 2878 2879 2884 2887 
	}
}
lima={
	location=809
	outgoing={
		name="panama"
		path={
			1545 1546 1547 1548 835 
		}
		control={
			1528.000000 687.000000 1486.000000 807.000000 1521.000000 913.000000 1551.000000 972.000000 
		}
	}
	members={
		812 2002 2821 2822 2826 816 817 819 820 2820 815 818 821 2823 2944 2945 813 2824 2825 2943 809 810 811 814 2827 807 808 2829 2830 805 806 2828 
	}
}
brazil={
	location=1531
	outgoing={
		name="ivory_coast"
		path={
			1596 1597 1586 1585 1466 
		}
		control={
			2333.000000 600.000000 2480.000000 657.000000 2624.000000 550.000000 2788.000000 549.000000 
		}
	}
	members={
		1531 750 751 753 754 755 756 757 759 760 761 762 763 764 765 766 768 769 2885 2891 2892 2894 2895 2896 2897 2898 2899 2912 2913 2914 2915 2916 2917 2918 2921 2922 
	}
}
timbuktu={
	location=1132
	inland=yes
	outgoing={
		name="safi"
		path={
			1127 346 344 345 
		}
		control={
			2757.000000 962.000000 2731.000000 1075.000000 2706.000000 1124.000000 2672.000000 1130.000000 
		}
	}
	outgoing={
		name="ivory_coast"
		path={
			2263 1135 2252 2255 2257 1466 
		}
		control={
			2764.000000 887.000000 2769.000000 881.000000 2755.000000 822.000000 2755.000000 770.000000 2773.000000 750.000000 
		}
	}
	members={
		1115 2237 2240 1122 1125 2251 1135 1137 2265 2266 1136 2256 2267 2252 2253 2254 2255 1138 2247 1120 1121 1124 1123 1131 1132 1134 1133 2243 2244 2245 2246 2248 2249 2250 2259 2260 2261 2262 2263 2264 2268 1129 1130 2271 1116 1117 2238
	}
}
ivory_coast={
	location=1466
	outgoing={
		name="carribean_trade"
		path={
			1467 1468 1579 1577 1576 1522 1520 1519 1517 1516 
		}
		control={
			2696.000000 657.000000 2431.000000 777.000000 2279.000000 894.000000 2168.000000 924.000000 2002.000000 1051.000000 1858.000000 1053.000000 1775.000000 1062.000000 1703.000000 1066.000000 1631.000000 1102.000000 
		}
	}
	outgoing={
		name="porto_cot"
		path={
			 1119 1468 1096 4565 1472 1291 
		}
		control={
			
		}
	}
	outgoing={
		name="bordeaux"
		path={
			1467 1468 1470 1471 1566 1563 
		}
		control={
			2693.000000 675.000000 2498.000000 819.000000 2482.000000 1053.000000 2488.000000 1226.000000 2589.000000 1369.000000 
		}
	}
	outgoing={
		name="gibraltar_cot"
		path={
			1467 1468 1470 1471 1566 1563 
		}
		control={
			2702.000000 692.000000 2568.000000 783.000000 2516.000000 940.000000 2548.000000 1064.000000 2617.000000 1127.000000 2641.000000 1223.000000 
		}
	}
	members={
		1164 1165 1166 1096 1793 2241 1466 1097 1118 1119 1151 1163 2242 1168 1306 4078 4079 4080 1126 1139 1141 2257 2258 1147 2289 2290 2294 1111 1112 1113 2239 1114 1167 1172 
		367 368 366 4565
	}
}
tunis={
	location=341
	color={
		146 134 57 
	}
	outgoing={
		name="bordeaux"
		path={
			1300 1296 196 173 
		}
		control={
			
		}
	}
	outgoing={
		name="roma_cot"
		path={
			125 1303 
		}
		control={
			 
		}
	}
	members={
		355 341 353 354 2451 2452 2453 2454 2455 2473 2954 4566 
		124 125 126 2982 #sicily_area
		127 2986 #corsica_sardinia_area
		121 2983 #naples_area
		123 1934 2984 #calabria_area
		122 1933 2985		
		333 4559 4560
	}
}
corfu_cot={
	location=142
	color={
		102 178 255
	}
	outgoing={
		name="pannonia_cot"
		path={
			1310 3002
		}
		control={
			3094.000 1345.000 3108.000 1401.000
		}
	}
	outgoing={
		name="tunis"
		path={
			1311 1307 126 
		}
		control={
			
		}
	}
	members={
		137 138 139 142 143 144 147 1766 1827 1831 1853 3000 3001 4174 4175 148 136 1826
		145 146 163 1773 #morea_area
		130 1769
		164 320 3003 #aegean_archipelago_area#
		3002 1828
	}
}
safi={
	location=1110
	color={
		191 110 62 
	}
	outgoing={
		name="gibraltar_cot"
		path={
			342 1293 
		}
		control={
			2655.000000 1168.000000 2667.000000 1183.000000 2698.000000 1198.000000 2709.000000 1228.000000 
		}
	}
	outgoing={
		name="tunis"
		path={
			346 2463 338 1882  
		}
		control={
			 
		}
	}
	members={
		344 345 346 347 348 1110 2460 2464 2466 2467 2468 2469 2470 342 343 349 2459 2462 2463 336 2465
		4564 4568 350 351 2458
		339 340 1882 352 2450 2456 2457 2472
		2448 2449 2474 4567
		1127 1128
		337 338 2461 4562 4563
	}
}
krakow={
	location=262
	inland=yes
	members={
		258 259 260 262 263 264 256 257 1938 1939 254 255 2424 2959 2960 2966 
		4238 4526 4525 4527 4533
		269 277 1940 4538
	}
	end=yes
}
pannonia_cot={
	location=4126
	color={
		204 255 229 
	}
	inland=yes
	members={
		155 1953 1954 4125
		135 153 1864 4126 4240 #Transdanubia 
		156 1951 4128 157 158 1952 4127 
		131 152 1767 4173
		140
		141 4176 4239
		129 1863
	}
	end=yes
}
bavaria_cot={
	location=133
	inland=yes
	color={
		160 160 160 
	}
	outgoing={
		name="krakow"
		path={
			4237 
		}
		control={
			3082.000 1517.000
		}
	}
	outgoing={
		name="pannonia_cot"
		path={
			153 
		}
		control={
			3103.000 1468.000
		}
	}
	members={
		61 267 1771 2965 2967 265 266 2968 2970 4237
		1868
		64 1757 2956 2957
		65 76 2955
		73 1768
		133 134 1770
		128 132
		154 1318 1772 162 4236 
		67
		68
		63 66 59 60 1763
	}
}
rheinland_cot={
	location=78
	color={
		206 231 255 
	}
	inland=yes
	outgoing={
		name="schweiz_cot"
		path={
			75 
		}
		control={
			2922.000 1496.000
		}
	}
	outgoing={
		name="bavaria_cot"
		path={
			66 2956
		}
		control={
			2980.000 1520.000 3015.000 1501.000 
		}
	}
	members={
		77 78 1761
		80 1760 1878
		84 85 2975
		81 83 1762 1876
		56 82 86 2972 2973
		57 1758 2971
		70 71 1872
		94
		79
		188
		1742 2974 93 1866 181
		187 189 74 75 #lorraine_area
		62 63
	}
}
baltic_sea={
	location=1926
	color={
		8 82 165 
	}
	outgoing={
		name="hansa_cot"
		path={
			1255 1257 45 
		}
		control={
			3089.000000 1696.000000 3072.000000 1648.000000 3044.000000 1636.000000 3015.000000 1620.000000 2984.000000 1605.000000 
		}
	}
	outgoing={
		name="danzig_cot"
		path={
			1927 
		}
		control={
			3112.000 1647.000 
		}
	}
	members={
		4114 18 11 9 1 1930 3 4166 2 1252 1928 1255 4
		6 26 1982 4165 1981
		25 1985 10 8
		4113 4151
	}
}
danzig_cot={
	location=43
	color={
		255 204 204 
	}
	outgoing={
		name="krakow"
		path={
			4524 257
		}
		control={
			3111.000 1578.000 3140.000 1553.000
		}
	}
	outgoing={
		name="rheinland_cot"
		path={
			1858 52
		}
		control={
			3035.000 1601.000 2989.000 1582.000
		}
	}
	outgoing={
		name="bavaria_cot"
		path={
			49 266
		}
		control={
			3055.000 1584.000 3040.000 1527.000
		}
	}
	members={
		42 43 1841 2997
		41 767 2958
		47 2993 2994
		46 2996
		1858 48 2995
		1859
		50 51 1759
		58 2969
		49
		2963 4523
		52 2964
		4524 4528
	}
}
schweiz_cot={
	location=165
	color={
		122 73 45 
	}
	inland=yes
	members={
		72 1869 1870 1880 166 1873 
		165 1867 1871 #romandie_area
		191 192 193 1877 4392 #bourgogne_area
		203 204 205 #savoy_dauphine_area
		103 1875 2979 2981 #piedmont_area 
		104 107 1862 4391
		69
	}
	end=yes
}
panama={
	location=835
	outgoing={
		name="carribean_trade"
		path={
			1515 1517 1516 
		}
		control={
			1586.000000 1044.000000 1607.000000 1125.000000 
		}
	}
	members={
		840 2637 2640 2662 837 838 2660 2661 2663 826 835 836 2664 2819 828 2806 824 825 827 832 2817 2812 2814 2815 822 823 2816 2818 
		4605 4604 4607 4608 4603 4600 4601 4602 4599 4596 4595 4597 4592 4593 829
		4587 839 841 2653 842 4594 2636 843 4589
	}
}
carribean_trade={
	location=1516
	outgoing={
		name="chesapeake_bay"
		path={
			1524 1503 1502 1501 1500 
		}
		control={
			1649.000000 1207.000000 1619.000000 1236.000000 1604.000000 1280.000000 1606.000000 1312.000000 1587.000000 1389.000000 1635.000000 1447.000000 
		}
	}
	outgoing={
		name="bordeaux"
		path={
			488 490 1526 1575 1583 1580 1567 1563 
		}
		control={
			1687.000000 1196.000000 1925.000000 1251.000000 2082.000000 1253.000000 2210.000000 1293.000000 2326.000000 1295.000000 2446.000000 1349.000000 
		}
	}
	outgoing={
		name="porto_cot"
		path={
			488 490 1526 1575 1583 1580 1567 1563 
		}
		control={
			1684.000000 1121.000000 1844.000000 1108.000000 1899.000000 1143.000000 2019.000000 1171.000000 2253.000000 1245.000000 2391.000000 1282.000000 2456.000000 1325.000000 
		}
	}
	members={
		927 928 2534 926 2535 2536 484 485 2656 486 2654 2655 488 489 490 2658 2659 487 481 491 492 482 483 493 494 495 496 1881 497 498 499 500 501 830 2807 2813 741 831 2808 834 2805 2809 2810 2939 1516 
		4626 4625 4624 4622 4623 4619 4618 4620 4621 4616 4615 4612 4613 4609 4611 4614 4610 502
	}
}
chesapeake_bay={
	location=1500
	color={
		193 26 14 
	}
	outgoing={
		name="st_lawrence"
		path={
			965 963 969 2012 986 1490 
		}
		control={
			1652.000000 1564.000000 1650.000000 1588.000000 1672.000000 1621.000000 1690.000000 1656.000000 1754.000000 1702.000000 
		}
	}
	outgoing={
		name="ire_sea"
		path={
			1570 1572 1582 1568 1564 1563 
		}
		control={
			1738.000000 1507.000000 1853.000000 1376.000000 2056.000000 1373.000000 2207.000000 1463.000000 2628.000000 1499.000000
		}
	}
	outgoing={
		name="brittany_cot"
		path={
			481 1582 1580 1563 1289 
		}
		control={
			
		}
	}
	outgoing={
		name="london_cot"
		path={
			 1570 1573 1569 1564 1288 233 
		}
		control={
			
		}
	}
	members={
		1500 930 931 2537 2538 929 2539 2540 932 933 2541 2542 2543 937 2544 2545 938 2546 2547 935 936 2548 949 2011 2552 950 952 2549 2550 953 2553 2554 955 956 957 962 2023 963 965 2558 2639 967 2010 2560 966 968 2561 970 2562 2564 
	}
}
james_bay={
	location=1486
	color={
		97 220 117 
	}
	outgoing={
		name="st_lawrence"
		path={
			1000 1002 992 993 990 994 1490 
		}
		control={
			1555.000000 1776.000000 1597.660034 1711.949951 1615.000000 1653.000000 1668.000000 1664.000000 1687.000000 1684.000000 1714.000000 1707.000000 1766.000000 1727.000000 1793.000000 1730.000000 
		}
	}
	outgoing={
		name="scandinavia_cot"
		path={
			1488 23
		}
		control={
		}
	}
	members={
		1486 998 999 1000 1003 1004 1005 1006 1008 1009 1010 1011 1804 1805 1806 1807 1811 1813 2004 2005 2016 2017 2018 2589 2590 2591 2592 2593 2594 2595 2596 2597 2598 2599 2600 2601 2602 2603 2511 1812 2588 1002 2006 2501 2502 2503 2510
	}
}
st_lawrence={
	location=1490
	color={
		193 192 14 
	}
	outgoing={
		name="ire_sea"
		path={
			1493 1496 1497 1498 1478 1283 1284
		}
		control={
			1873.000000 1718.000000 1906.000000 1756.000000 1952.000000 1779.000000 2050.000000 1772.000000 2650.000 1671.000
		}
	}
	outgoing={
		name="scandinavia_cot"
		path={
			1493 23
		}
		control={
		}
	}
	members={
		996 2576 2577 2578 986 994 995 2582 2583 990 993 2584 2012 971 2013 2565 2566 2567 985 2570 2571 2572 980 981 2573 997 2574 2575 992 2579 2580 2581 969 2559 2563 982 983 984 2568 2569 1104 1105 1490 
	}
}
white_sea={
	location=1652
	color={
		210 46 28 
	}
	outgoing={
		name="scandinavia_cot"
		path={
			1263 1264 1265 1929 23
		}
		control={
			3453.000000 1897.000000 3447.000000 1948.000000 3339.000000 1992.000000 3187.000000 2034.000000 3076.000000 1993.000000 2987.000000 1944.000000 2932.000000 1874.000000
		}
	}
	outgoing={
		name="novgorod"
		path={
			1652 309 1261 
		}
		control={
			3372.500000 1863.000000 
		}
	}
	members={
		1963 2425 2426 1755 1963 1964 4129 
		4259 309 312 4261 #beloozero_area 
		1955 4122 4256 4257 #arkhangelsk_area
		313 1776 1958 4258 #pomor_area
		314 4262 4263 #vologda_area
		1079 1083 1957 #galich_area
		1753 1777
		1077
	}
}
riga_cot={
	location=38
	color={
		238 239 239 
	}
	outgoing={
		name="danzig_cot"
		path={
			40
		}
		control={
			3134.000 1639.000
		}
	}
	outgoing={
		name="baltic_sea"
		path={
			35
		}
		control={
			3162.000 1695.500
		}
	}
	members={
		1842 35 36 38 37 1834 4241 273 1935 39 271 1936 270 4534
		770 4242 276 4536 4535 272 1937 4537
		1256 1926 1927
		40 275
	}
}
ire_sea={
	location=1284
	color={
		51 204 51 
	}
	outgoing={
		name="london_cot"
		path={
			4375 237
		}
		control={
			2758.000 1591.000 2796.000 1561.000
		}
	}
	outgoing={
		name="brittany_cot"
		path={
			1285 1274 
		}
		control={
			2715.000 1514.000
		}
	}
	members={
		1280 1281 1282 1284 1283 1286 1287 1288 #Seas and Wastelands
		375 376 4119 #connacht_area
		249 #lowlands_area
		4375 244
		247 4362 #scottish_marches_area
		4365 #kingdom_of_the_isles_area
		4363 #highlands_area
		373 374 4120 4379 #leinster_area
		372 4121 4380 #ulster_area
		4118 4377 4378 #munster_area
		242
		241 4366 4369 #wales_area
	}
}
scandinavia_cot={
	location=23
	color={
		117 165 188 
	}
	outgoing={
		name="hansa_cot"
		path={
			1266 1267 1259 1258 45 
		}
		control={
			 2875.000000 1711.000000 2900.000 1680.000 2955.000000 1690.500000 2983.000000 1670.000000 2979.000000 1645.000000 2974.000000 1637.000000 2979.000000 1627.000000 2976.000000 1618.000000 2974.000000 1612.000000
		}
	}
	outgoing={
		name="baltic_sea"
		path={
			1266 1267 1 1926
		}
		control={
			2885.000000 1701.000000 2900.000 1680.000 3082.000 1730.000
		}
	}
	outgoing={
		name="ire_sea"
		path={
			23 1281 1299 1283 
		}
		control={
			2817.000 1727.000 2738.000 1743.000 2686.000 1671.000 
		}
	}
	members={
		1266 1929 4153 4146 1265 1267 #Seas and Wastelands
		20 21 #northern_norway
		23 24 2752 4145 #western_norway
		5 #sweden 
		4144 17 22 4143 4164 16 4163 7
		370 371 #iceland_area
		1978 1979 #subarctic_islands_area
		253 369
		315
		4110 252
		250 251 4364 248 4361
		1975
	}
}
hansa_cot={
	location=13
	color={
		190 70 70 
	}
	outgoing={
		name="rheinland_cot"
		path={
			44 2972
		}
		control={
			2956.500 1591.500 2948.000 1559.000
		}
	}
	outgoing={
		name="danzig_cot"
		path={
			1983 1981
		}
		control={
			2981.000 1621.000 3038.000 1623.000
		}
	}
	members={
		12 13 14 15 44 54 1775 1874 1983 1984 4141 4142 4149 1857 55
		100 1931 4382 #frisia_area
		53 45
	}
}
bordeaux={
	location=1276
	color={
		36 132 247 
	}
	outgoing={
		name="brittany_cot"
		path={
			1275 
		}
		control={
			2756.000000 1449.500000 
		}
	}
	outgoing={
		name="roma_cot"
		path={
			174 201 101  
		}
		control={
			 
		}
	}
	members={
		1276 #Water 
		198 4112 #guyenne_area
		173 #basque_country
		174 175 176 #pyrenees_area
		196 2753 #languedoc_area
		197 212 213 2987 #catalonia_area
		2988 #valencia_area
		211 214 2990 #aragon_area
		4550 4557 # new for 1.28
		209 210 2989
		2755
		1745 1746
	}
}
porto_cot={
	location=231
	color={
		0 204 102 
	}
	outgoing={
		name="bordeaux"
		path={
			232 4553 4552 1745
		}
		control={
			
		}
	}
	outgoing={
		name="gibraltar_cot"
		path={
			4556 228 1747 218 224
		}
		control={
			
		}
	}
	members={
		227
		228 231 232 1851 4556
		206 4554 4555 4558
		208 216 1747 4553
		207 4552
		215 217 4551
		218 229 4150
		219
	}
}
gibraltar_cot={
	location=1293
	color={
		102 0 0 
	}
	outgoing={
		name="roma_cot"
		path={
			223 222 221 1295 1296 1297 
		}
		control={
			2744.000000 1250.500000 2780.000000 1259.500000 2809.000000 1285.000000 2823.500000 1326.000000 2893.000000 1353.500000 
		}
	}
	outgoing={
		name="bordeaux"
		path={
			4546 225 2754 220 2988 210
		}
		control={
			 
		}
	}
	members={
		1293 221 222 223 224 225 226 334 335 1748 1749 1751 2754 
		4546 4547 4548
		4561
		230 1750
		2751 4549 220 
	}
}
brittany_cot={
	location=170
	color={
		204 204 255 
	}
	outgoing={
		name="schweiz_cot"
		path={
			177 184 1877 
		}
		control={
			2805.000 1477.000 2837.000 1472.000 2878.000 1447.000
		}
	}
	outgoing={
		name="london_cot"
		path={
			4373 239 
		}
		control={
			
		}
	}
	outgoing={
		name="brugge_cot"
		path={
			1272 1271 
		}
		control={
			2779.000 1518.000 2826.000 1534.000
		}
	}
	members={
		1879 4385 #normandy_area
		177 178 179 184 4389 #loire_area
		169 170 171 172 4384 #brittany_area
		180 4111 4386 4387 #poitou_area
		233 4373
		190 195 199 # massif_central_area
		194
	}
}
roma_cot={
	location=118
	color={
		193 26 14 
	}
	outgoing={
		name="schweiz_cot"
		path={
			1247 104 
		}
		control={
			2945.000 1353.500 2943.000 1435.000
		}
	}
	outgoing={
		name="bavaria_cot"
		path={
			114 112 128
		}
		control={
			2998.000 1406.000 2999.500 1426.000 3033.000 1461.000
		}
	}
	members={
		1297 #Sea
		115 116 117 2978 2980 #tuscany_area
		101 102 2992 #liguria_area
		201 202 2991 #provence_area
		1308 110 108 111 112 1774 105 106 113 114 119 120 2976 2977
		118 1247 200 109
	}
}
london_cot={
	location=236
	color={
		219 75 75 
	}
	outgoing={
		name="hansa_cot"
		path={
			1270 1269 1268
		}
		control={
			2868.000000 1576.000000 2915.000000 1602.000000
		}
	}
	outgoing={
		name="brugge_cot"
		path={
			87
		}
		control={
			2830.500 1533.000
		}
	}
	members={
		1270 1271 1272 1285 #Seas
		245 4367 4368 #yorkshire_area
		239 240 4372 #west_midlands_area
		243 1860 1861 4370 4376 #east_midlands_area
		4130 234 4371 4374 #wessex_area
		235 236 237 238 #home_counties_area
		246
	}
}
brugge_cot={
	location=90
	color={
		220 138 57 
	}
	outgoing={
		name="rheinland_cot"
		path={
			1744 80
		}
		control={
			2871.000 1544.000 2913.000 1520.000
		}
	}
	outgoing={
		name="hansa_cot"
		path={
			1269 1268
		}
		control={
			
		}
	}
	members={
		1269 1269 #Seas
		87 88 89 1743 #picardy_area
		95 98 #netherlands_area
		96 97 4383 #holland_area
		90 1744 1865 #flanders_area
		91 92 #wallonia_area
		182 183 185 4388 #ile_de_france_area
		186 4390 #champagne_area
		167 99 168
		4381
	}
}
